1.000E-03 9.300E-05 
2.000E-03 1.884E-04 
3.000E-03 2.863E-04 
4.000E-03 3.865E-04 
5.000E-03 4.890E-04 
6.000E-03 5.940E-04 
7.000E-03 7.012E-04 
8.000E-03 8.108E-04 
9.000E-03 9.226E-04 
1.000E-02 1.037E-03 
1.100E-02 1.153E-03 
1.200E-02 1.272E-03 
1.300E-02 1.392E-03 
1.400E-02 1.515E-03 
1.500E-02 1.641E-03 
1.600E-02 1.768E-03 
1.700E-02 1.897E-03 
1.800E-02 2.029E-03 
1.900E-02 2.162E-03 
2.000E-02 2.298E-03 
2.100E-02 2.436E-03 
2.200E-02 2.576E-03 
2.300E-02 2.718E-03 
2.400E-02 2.862E-03 
2.500E-02 3.007E-03 
2.600E-02 3.155E-03 
2.700E-02 3.305E-03 
2.800E-02 3.457E-03 
2.900E-02 3.611E-03 
3.000E-02 3.766E-03 
3.100E-02 3.924E-03 
3.200E-02 4.083E-03 
3.300E-02 4.244E-03 
3.400E-02 4.407E-03 
3.500E-02 4.572E-03 
3.600E-02 4.739E-03 
3.700E-02 4.908E-03 
3.800E-02 5.078E-03 
3.900E-02 5.250E-03 
4.000E-02 5.424E-03 
4.100E-02 5.600E-03 
4.200E-02 5.777E-03 
4.300E-02 5.956E-03 
4.400E-02 6.137E-03 
4.500E-02 6.320E-03 
4.600E-02 6.504E-03 
4.700E-02 6.690E-03 
4.800E-02 6.877E-03 
4.900E-02 7.066E-03 
5.000E-02 7.257E-03 
5.100E-02 7.450E-03 
5.200E-02 7.644E-03 
5.300E-02 7.839E-03 
5.400E-02 8.036E-03 
5.500E-02 8.235E-03 
5.600E-02 8.435E-03 
5.700E-02 8.637E-03 
5.800E-02 8.840E-03 
5.900E-02 9.045E-03 
6.000E-02 9.252E-03 
6.100E-02 9.459E-03 
6.200E-02 9.669E-03 
6.300E-02 9.879E-03 
6.400E-02 1.009E-02 
6.500E-02 1.031E-02 
6.600E-02 1.052E-02 
6.700E-02 1.074E-02 
6.800E-02 1.095E-02 
6.900E-02 1.117E-02 
7.000E-02 1.139E-02 
7.100E-02 1.162E-02 
7.200E-02 1.184E-02 
7.300E-02 1.207E-02 
7.400E-02 1.229E-02 
7.500E-02 1.252E-02 
7.600E-02 1.275E-02 
7.700E-02 1.298E-02 
7.800E-02 1.321E-02 
7.900E-02 1.344E-02 
8.000E-02 1.368E-02 
8.100E-02 1.391E-02 
8.200E-02 1.415E-02 
8.300E-02 1.438E-02 
8.400E-02 1.462E-02 
8.500E-02 1.486E-02 
8.600E-02 1.511E-02 
8.700E-02 1.535E-02 
8.800E-02 1.559E-02 
8.900E-02 1.584E-02 
9.000E-02 1.608E-02 
9.100E-02 1.633E-02 
9.200E-02 1.658E-02 
9.300E-02 1.683E-02 
9.400E-02 1.708E-02 
9.500E-02 1.733E-02 
9.600E-02 1.758E-02 
9.700E-02 1.784E-02 
9.800E-02 1.809E-02 
9.900E-02 1.835E-02 
1.000E-01 1.861E-02 
1.010E-01 1.887E-02 
1.020E-01 1.913E-02 
1.030E-01 1.939E-02 
1.040E-01 1.965E-02 
1.050E-01 1.991E-02 
1.060E-01 2.018E-02 
1.070E-01 2.044E-02 
1.080E-01 2.071E-02 
1.090E-01 2.097E-02 
1.100E-01 2.124E-02 
1.110E-01 2.151E-02 
1.120E-01 2.178E-02 
1.130E-01 2.205E-02 
1.140E-01 2.232E-02 
1.150E-01 2.260E-02 
1.160E-01 2.287E-02 
1.170E-01 2.315E-02 
1.180E-01 2.342E-02 
1.190E-01 2.370E-02 
1.200E-01 2.398E-02 
1.210E-01 2.425E-02 
1.220E-01 2.453E-02 
1.230E-01 2.481E-02 
1.240E-01 2.510E-02 
1.250E-01 2.538E-02 
1.260E-01 2.566E-02 
1.270E-01 2.595E-02 
1.280E-01 2.623E-02 
1.290E-01 2.652E-02 
1.300E-01 2.680E-02 
1.310E-01 2.709E-02 
1.320E-01 2.738E-02 
1.330E-01 2.767E-02 
1.340E-01 2.796E-02 
1.350E-01 2.825E-02 
1.360E-01 2.854E-02 
1.370E-01 2.883E-02 
1.380E-01 2.913E-02 
1.390E-01 2.942E-02 
1.400E-01 2.972E-02 
1.410E-01 3.001E-02 
1.420E-01 3.031E-02 
1.430E-01 3.061E-02 
1.440E-01 3.090E-02 
1.450E-01 3.120E-02 
1.460E-01 3.150E-02 
1.470E-01 3.180E-02 
1.480E-01 3.210E-02 
1.490E-01 3.241E-02 
1.500E-01 3.271E-02 
1.510E-01 3.301E-02 
1.520E-01 3.332E-02 
1.530E-01 3.362E-02 
1.540E-01 3.393E-02 
1.550E-01 3.423E-02 
1.560E-01 3.454E-02 
1.570E-01 3.485E-02 
1.580E-01 3.516E-02 
1.590E-01 3.547E-02 
1.600E-01 3.578E-02 
1.610E-01 3.609E-02 
1.620E-01 3.640E-02 
1.630E-01 3.671E-02 
1.640E-01 3.702E-02 
1.650E-01 3.734E-02 
1.660E-01 3.765E-02 
1.670E-01 3.796E-02 
1.680E-01 3.828E-02 
1.690E-01 3.860E-02 
1.700E-01 3.891E-02 
1.710E-01 3.923E-02 
1.720E-01 3.955E-02 
1.730E-01 3.987E-02 
1.740E-01 4.018E-02 
1.750E-01 4.050E-02 
1.760E-01 4.082E-02 
1.770E-01 4.115E-02 
1.780E-01 4.147E-02 
1.790E-01 4.179E-02 
1.800E-01 4.211E-02 
1.810E-01 4.243E-02 
1.820E-01 4.276E-02 
1.830E-01 4.308E-02 
1.840E-01 4.341E-02 
1.850E-01 4.373E-02 
1.860E-01 4.406E-02 
1.870E-01 4.439E-02 
1.880E-01 4.471E-02 
1.890E-01 4.504E-02 
1.900E-01 4.537E-02 
1.910E-01 4.570E-02 
1.920E-01 4.603E-02 
1.930E-01 4.636E-02 
1.940E-01 4.669E-02 
1.950E-01 4.702E-02 
1.960E-01 4.735E-02 
1.970E-01 4.768E-02 
1.980E-01 4.801E-02 
1.990E-01 4.835E-02 
2.000E-01 4.868E-02 
2.010E-01 4.902E-02 
2.020E-01 4.935E-02 
2.030E-01 4.968E-02 
2.040E-01 5.002E-02 
2.050E-01 5.036E-02 
2.060E-01 5.069E-02 
2.070E-01 5.103E-02 
2.080E-01 5.137E-02 
2.090E-01 5.171E-02 
2.100E-01 5.204E-02 
2.110E-01 5.238E-02 
2.120E-01 5.272E-02 
2.130E-01 5.306E-02 
2.140E-01 5.340E-02 
2.150E-01 5.374E-02 
2.160E-01 5.408E-02 
2.170E-01 5.443E-02 
2.180E-01 5.477E-02 
2.190E-01 5.511E-02 
2.200E-01 5.545E-02 
2.210E-01 5.580E-02 
2.220E-01 5.614E-02 
2.230E-01 5.648E-02 
2.240E-01 5.683E-02 
2.250E-01 5.717E-02 
2.260E-01 5.752E-02 
2.270E-01 5.786E-02 
2.280E-01 5.821E-02 
2.290E-01 5.856E-02 
2.300E-01 5.890E-02 
2.310E-01 5.925E-02 
2.320E-01 5.960E-02 
2.330E-01 5.995E-02 
2.340E-01 6.030E-02 
2.350E-01 6.065E-02 
2.360E-01 6.099E-02 
2.370E-01 6.134E-02 
2.380E-01 6.169E-02 
2.390E-01 6.205E-02 
2.400E-01 6.240E-02 
2.410E-01 6.275E-02 
2.420E-01 6.310E-02 
2.430E-01 6.345E-02 
2.440E-01 6.380E-02 
2.450E-01 6.416E-02 
2.460E-01 6.451E-02 
2.470E-01 6.486E-02 
2.480E-01 6.522E-02 
2.490E-01 6.557E-02 
2.500E-01 6.592E-02 
2.510E-01 6.628E-02 
2.520E-01 6.663E-02 
2.530E-01 6.699E-02 
2.540E-01 6.734E-02 
2.550E-01 6.770E-02 
2.560E-01 6.806E-02 
2.570E-01 6.841E-02 
2.580E-01 6.877E-02 
2.590E-01 6.913E-02 
2.600E-01 6.949E-02 
2.610E-01 6.984E-02 
2.620E-01 7.020E-02 
2.630E-01 7.056E-02 
2.640E-01 7.092E-02 
2.650E-01 7.128E-02 
2.660E-01 7.164E-02 
2.670E-01 7.200E-02 
2.680E-01 7.236E-02 
2.690E-01 7.272E-02 
2.700E-01 7.308E-02 
2.710E-01 7.344E-02 
2.720E-01 7.380E-02 
2.730E-01 7.416E-02 
2.740E-01 7.452E-02 
2.750E-01 7.489E-02 
2.760E-01 7.525E-02 
2.770E-01 7.561E-02 
2.780E-01 7.597E-02 
2.790E-01 7.634E-02 
2.800E-01 7.670E-02 
2.810E-01 7.706E-02 
2.820E-01 7.743E-02 
2.830E-01 7.779E-02 
2.840E-01 7.815E-02 
2.850E-01 7.852E-02 
2.860E-01 7.888E-02 
2.870E-01 7.925E-02 
2.880E-01 7.961E-02 
2.890E-01 7.998E-02 
2.900E-01 8.035E-02 
2.910E-01 8.071E-02 
2.920E-01 8.108E-02 
2.930E-01 8.144E-02 
2.940E-01 8.181E-02 
2.950E-01 8.218E-02 
2.960E-01 8.255E-02 
2.970E-01 8.291E-02 
2.980E-01 8.328E-02 
2.990E-01 8.365E-02 
3.000E-01 8.402E-02 
3.010E-01 8.438E-02 
3.020E-01 8.475E-02 
3.030E-01 8.512E-02 
3.040E-01 8.549E-02 
3.050E-01 8.586E-02 
3.060E-01 8.623E-02 
3.070E-01 8.660E-02 
3.080E-01 8.697E-02 
3.090E-01 8.734E-02 
3.100E-01 8.771E-02 
3.110E-01 8.808E-02 
3.120E-01 8.845E-02 
3.130E-01 8.882E-02 
3.140E-01 8.919E-02 
3.150E-01 8.956E-02 
3.160E-01 8.993E-02 
3.170E-01 9.030E-02 
3.180E-01 9.068E-02 
3.190E-01 9.105E-02 
3.200E-01 9.142E-02 
3.210E-01 9.179E-02 
3.220E-01 9.216E-02 
3.230E-01 9.254E-02 
3.240E-01 9.291E-02 
3.250E-01 9.328E-02 
3.260E-01 9.366E-02 
3.270E-01 9.403E-02 
3.280E-01 9.440E-02 
3.290E-01 9.478E-02 
3.300E-01 9.515E-02 
3.310E-01 9.552E-02 
3.320E-01 9.590E-02 
3.330E-01 9.627E-02 
3.340E-01 9.665E-02 
3.350E-01 9.702E-02 
3.360E-01 9.739E-02 
3.370E-01 9.777E-02 
3.380E-01 9.814E-02 
3.390E-01 9.852E-02 
3.400E-01 9.889E-02 
3.410E-01 9.927E-02 
3.420E-01 9.965E-02 
3.430E-01 1.000E-01 
3.440E-01 1.004E-01 
3.450E-01 1.008E-01 
3.460E-01 1.011E-01 
3.470E-01 1.015E-01 
3.480E-01 1.019E-01 
3.490E-01 1.023E-01 
3.500E-01 1.027E-01 
3.510E-01 1.030E-01 
3.520E-01 1.034E-01 
3.530E-01 1.038E-01 
3.540E-01 1.042E-01 
3.550E-01 1.045E-01 
3.560E-01 1.049E-01 
3.570E-01 1.053E-01 
3.580E-01 1.057E-01 
3.590E-01 1.060E-01 
3.600E-01 1.064E-01 
3.610E-01 1.068E-01 
3.620E-01 1.072E-01 
3.630E-01 1.076E-01 
3.640E-01 1.079E-01 
3.650E-01 1.083E-01 
3.660E-01 1.087E-01 
3.670E-01 1.091E-01 
3.680E-01 1.095E-01 
3.690E-01 1.098E-01 
3.700E-01 1.102E-01 
3.710E-01 1.106E-01 
3.720E-01 1.110E-01 
3.730E-01 1.113E-01 
3.740E-01 1.117E-01 
3.750E-01 1.121E-01 
3.760E-01 1.125E-01 
3.770E-01 1.129E-01 
3.780E-01 1.132E-01 
3.790E-01 1.136E-01 
3.800E-01 1.140E-01 
3.810E-01 1.144E-01 
3.820E-01 1.148E-01 
3.830E-01 1.151E-01 
3.840E-01 1.155E-01 
3.850E-01 1.159E-01 
3.860E-01 1.163E-01 
3.870E-01 1.167E-01 
3.880E-01 1.170E-01 
3.890E-01 1.174E-01 
3.900E-01 1.178E-01 
3.910E-01 1.182E-01 
3.920E-01 1.186E-01 
3.930E-01 1.189E-01 
3.940E-01 1.193E-01 
3.950E-01 1.197E-01 
3.960E-01 1.201E-01 
3.970E-01 1.205E-01 
3.980E-01 1.209E-01 
3.990E-01 1.212E-01 
4.000E-01 1.216E-01 
4.010E-01 1.220E-01 
4.020E-01 1.224E-01 
4.030E-01 1.228E-01 
4.040E-01 1.231E-01 
4.050E-01 1.235E-01 
4.060E-01 1.239E-01 
4.070E-01 1.243E-01 
4.080E-01 1.247E-01 
4.090E-01 1.251E-01 
4.100E-01 1.254E-01 
4.110E-01 1.258E-01 
4.120E-01 1.262E-01 
4.130E-01 1.266E-01 
4.140E-01 1.270E-01 
4.150E-01 1.273E-01 
4.160E-01 1.277E-01 
4.170E-01 1.281E-01 
4.180E-01 1.285E-01 
4.190E-01 1.289E-01 
4.200E-01 1.293E-01 
4.210E-01 1.296E-01 
4.220E-01 1.300E-01 
4.230E-01 1.304E-01 
4.240E-01 1.308E-01 
4.250E-01 1.312E-01 
4.260E-01 1.315E-01 
4.270E-01 1.319E-01 
4.280E-01 1.323E-01 
4.290E-01 1.327E-01 
4.300E-01 1.331E-01 
4.310E-01 1.335E-01 
4.320E-01 1.338E-01 
4.330E-01 1.342E-01 
4.340E-01 1.346E-01 
4.350E-01 1.350E-01 
4.360E-01 1.354E-01 
4.370E-01 1.358E-01 
4.380E-01 1.361E-01 
4.390E-01 1.365E-01 
4.400E-01 1.369E-01 
4.410E-01 1.373E-01 
4.420E-01 1.377E-01 
4.430E-01 1.381E-01 
4.440E-01 1.384E-01 
4.450E-01 1.388E-01 
4.460E-01 1.392E-01 
4.470E-01 1.396E-01 
4.480E-01 1.400E-01 
4.490E-01 1.404E-01 
4.500E-01 1.407E-01 
4.510E-01 1.411E-01 
4.520E-01 1.415E-01 
4.530E-01 1.419E-01 
4.540E-01 1.423E-01 
4.550E-01 1.427E-01 
4.560E-01 1.430E-01 
4.570E-01 1.434E-01 
4.580E-01 1.438E-01 
4.590E-01 1.442E-01 
4.600E-01 1.446E-01 
4.610E-01 1.450E-01 
4.620E-01 1.453E-01 
4.630E-01 1.457E-01 
4.640E-01 1.461E-01 
4.650E-01 1.465E-01 
4.660E-01 1.469E-01 
4.670E-01 1.473E-01 
4.680E-01 1.476E-01 
4.690E-01 1.480E-01 
4.700E-01 1.484E-01 
4.710E-01 1.488E-01 
4.720E-01 1.492E-01 
4.730E-01 1.496E-01 
4.740E-01 1.499E-01 
4.750E-01 1.503E-01 
4.760E-01 1.507E-01 
4.770E-01 1.511E-01 
4.780E-01 1.515E-01 
4.790E-01 1.519E-01 
4.800E-01 1.522E-01 
4.810E-01 1.526E-01 
4.820E-01 1.530E-01 
4.830E-01 1.534E-01 
4.840E-01 1.538E-01 
4.850E-01 1.542E-01 
4.860E-01 1.545E-01 
4.870E-01 1.549E-01 
4.880E-01 1.553E-01 
4.890E-01 1.557E-01 
4.900E-01 1.561E-01 
4.910E-01 1.565E-01 
4.920E-01 1.568E-01 
4.930E-01 1.572E-01 
4.940E-01 1.576E-01 
4.950E-01 1.580E-01 
4.960E-01 1.584E-01 
4.970E-01 1.587E-01 
4.980E-01 1.591E-01 
4.990E-01 1.595E-01 
5.000E-01 1.599E-01 
5.010E-01 1.603E-01 
5.020E-01 1.607E-01 
5.030E-01 1.610E-01 
5.040E-01 1.614E-01 
5.050E-01 1.618E-01 
5.060E-01 1.622E-01 
5.070E-01 1.626E-01 
5.080E-01 1.630E-01 
5.090E-01 1.633E-01 
5.100E-01 1.637E-01 
5.110E-01 1.641E-01 
5.120E-01 1.645E-01 
5.130E-01 1.649E-01 
5.140E-01 1.653E-01 
5.150E-01 1.656E-01 
5.160E-01 1.660E-01 
5.170E-01 1.664E-01 
5.180E-01 1.668E-01 
5.190E-01 1.672E-01 
5.200E-01 1.676E-01 
5.210E-01 1.679E-01 
5.220E-01 1.683E-01 
5.230E-01 1.687E-01 
5.240E-01 1.691E-01 
5.250E-01 1.695E-01 
5.260E-01 1.698E-01 
5.270E-01 1.702E-01 
5.280E-01 1.706E-01 
5.290E-01 1.710E-01 
5.300E-01 1.714E-01 
5.310E-01 1.718E-01 
5.320E-01 1.721E-01 
5.330E-01 1.725E-01 
5.340E-01 1.729E-01 
5.350E-01 1.733E-01 
5.360E-01 1.737E-01 
5.370E-01 1.740E-01 
5.380E-01 1.744E-01 
5.390E-01 1.748E-01 
5.400E-01 1.752E-01 
5.410E-01 1.756E-01 
5.420E-01 1.760E-01 
5.430E-01 1.763E-01 
5.440E-01 1.767E-01 
5.450E-01 1.771E-01 
5.460E-01 1.775E-01 
5.470E-01 1.779E-01 
5.480E-01 1.782E-01 
5.490E-01 1.786E-01 
5.500E-01 1.790E-01 
5.510E-01 1.794E-01 
5.520E-01 1.798E-01 
5.530E-01 1.802E-01 
5.540E-01 1.805E-01 
5.550E-01 1.809E-01 
5.560E-01 1.813E-01 
5.570E-01 1.817E-01 
5.580E-01 1.821E-01 
5.590E-01 1.824E-01 
5.600E-01 1.828E-01 
5.610E-01 1.832E-01 
5.620E-01 1.836E-01 
5.630E-01 1.840E-01 
5.640E-01 1.843E-01 
5.650E-01 1.847E-01 
5.660E-01 1.851E-01 
5.670E-01 1.855E-01 
5.680E-01 1.859E-01 
5.690E-01 1.862E-01 
5.700E-01 1.866E-01 
5.710E-01 1.870E-01 
5.720E-01 1.874E-01 
5.730E-01 1.878E-01 
5.740E-01 1.881E-01 
5.750E-01 1.885E-01 
5.760E-01 1.889E-01 
5.770E-01 1.893E-01 
5.780E-01 1.897E-01 
5.790E-01 1.900E-01 
5.800E-01 1.904E-01 
5.810E-01 1.908E-01 
5.820E-01 1.912E-01 
5.830E-01 1.916E-01 
5.840E-01 1.919E-01 
5.850E-01 1.923E-01 
5.860E-01 1.927E-01 
5.870E-01 1.931E-01 
5.880E-01 1.935E-01 
5.890E-01 1.938E-01 
5.900E-01 1.942E-01 
5.910E-01 1.946E-01 
5.920E-01 1.950E-01 
5.930E-01 1.954E-01 
5.940E-01 1.957E-01 
5.950E-01 1.961E-01 
5.960E-01 1.965E-01 
5.970E-01 1.969E-01 
5.980E-01 1.972E-01 
5.990E-01 1.976E-01 
6.000E-01 1.980E-01 
6.010E-01 1.984E-01 
6.020E-01 1.988E-01 
6.030E-01 1.991E-01 
6.040E-01 1.995E-01 
6.050E-01 1.999E-01 
6.060E-01 2.003E-01 
6.070E-01 2.006E-01 
6.080E-01 2.010E-01 
6.090E-01 2.014E-01 
6.100E-01 2.018E-01 
6.110E-01 2.022E-01 
6.120E-01 2.025E-01 
6.130E-01 2.029E-01 
6.140E-01 2.033E-01 
6.150E-01 2.037E-01 
6.160E-01 2.040E-01 
6.170E-01 2.044E-01 
6.180E-01 2.048E-01 
6.190E-01 2.052E-01 
6.200E-01 2.056E-01 
6.210E-01 2.059E-01 
6.220E-01 2.063E-01 
6.230E-01 2.067E-01 
6.240E-01 2.071E-01 
6.250E-01 2.074E-01 
6.260E-01 2.078E-01 
6.270E-01 2.082E-01 
6.280E-01 2.086E-01 
6.290E-01 2.089E-01 
6.300E-01 2.093E-01 
6.310E-01 2.097E-01 
6.320E-01 2.101E-01 
6.330E-01 2.105E-01 
6.340E-01 2.108E-01 
6.350E-01 2.112E-01 
6.360E-01 2.116E-01 
6.370E-01 2.120E-01 
6.380E-01 2.123E-01 
6.390E-01 2.127E-01 
6.400E-01 2.131E-01 
6.410E-01 2.135E-01 
6.420E-01 2.138E-01 
6.430E-01 2.142E-01 
6.440E-01 2.146E-01 
6.450E-01 2.150E-01 
6.460E-01 2.153E-01 
6.470E-01 2.157E-01 
6.480E-01 2.161E-01 
6.490E-01 2.165E-01 
6.500E-01 2.168E-01 
6.510E-01 2.172E-01 
6.520E-01 2.176E-01 
6.530E-01 2.180E-01 
6.540E-01 2.183E-01 
6.550E-01 2.187E-01 
6.560E-01 2.191E-01 
6.570E-01 2.195E-01 
6.580E-01 2.198E-01 
6.590E-01 2.202E-01 
6.600E-01 2.206E-01 
6.610E-01 2.210E-01 
6.620E-01 2.213E-01 
6.630E-01 2.217E-01 
6.640E-01 2.221E-01 
6.650E-01 2.224E-01 
6.660E-01 2.228E-01 
6.670E-01 2.232E-01 
6.680E-01 2.236E-01 
6.690E-01 2.239E-01 
6.700E-01 2.243E-01 
6.710E-01 2.247E-01 
6.720E-01 2.251E-01 
6.730E-01 2.254E-01 
6.740E-01 2.258E-01 
6.750E-01 2.262E-01 
6.760E-01 2.266E-01 
6.770E-01 2.269E-01 
6.780E-01 2.273E-01 
6.790E-01 2.277E-01 
6.800E-01 2.280E-01 
6.810E-01 2.284E-01 
6.820E-01 2.288E-01 
6.830E-01 2.292E-01 
6.840E-01 2.295E-01 
6.850E-01 2.299E-01 
6.860E-01 2.303E-01 
6.870E-01 2.306E-01 
6.880E-01 2.310E-01 
6.890E-01 2.314E-01 
6.900E-01 2.318E-01 
6.910E-01 2.321E-01 
6.920E-01 2.325E-01 
6.930E-01 2.329E-01 
6.940E-01 2.332E-01 
6.950E-01 2.336E-01 
6.960E-01 2.340E-01 
6.970E-01 2.344E-01 
6.980E-01 2.347E-01 
6.990E-01 2.351E-01 
7.000E-01 2.355E-01 
7.010E-01 2.358E-01 
7.020E-01 2.362E-01 
7.030E-01 2.366E-01 
7.040E-01 2.370E-01 
7.050E-01 2.373E-01 
7.060E-01 2.377E-01 
7.070E-01 2.381E-01 
7.080E-01 2.384E-01 
7.090E-01 2.388E-01 
7.100E-01 2.392E-01 
7.110E-01 2.395E-01 
7.120E-01 2.399E-01 
7.130E-01 2.403E-01 
7.140E-01 2.407E-01 
7.150E-01 2.410E-01 
7.160E-01 2.414E-01 
7.170E-01 2.418E-01 
7.180E-01 2.421E-01 
7.190E-01 2.425E-01 
7.200E-01 2.429E-01 
7.210E-01 2.432E-01 
7.220E-01 2.436E-01 
7.230E-01 2.440E-01 
7.240E-01 2.443E-01 
7.250E-01 2.447E-01 
7.260E-01 2.451E-01 
7.270E-01 2.454E-01 
7.280E-01 2.458E-01 
7.290E-01 2.462E-01 
7.300E-01 2.466E-01 
7.310E-01 2.469E-01 
7.320E-01 2.473E-01 
7.330E-01 2.477E-01 
7.340E-01 2.480E-01 
7.350E-01 2.484E-01 
7.360E-01 2.488E-01 
7.370E-01 2.491E-01 
7.380E-01 2.495E-01 
7.390E-01 2.499E-01 
7.400E-01 2.502E-01 
7.410E-01 2.506E-01 
7.420E-01 2.510E-01 
7.430E-01 2.513E-01 
7.440E-01 2.517E-01 
7.450E-01 2.521E-01 
7.460E-01 2.524E-01 
7.470E-01 2.528E-01 
7.480E-01 2.532E-01 
7.490E-01 2.535E-01 
7.500E-01 2.539E-01 
7.510E-01 2.543E-01 
7.520E-01 2.546E-01 
7.530E-01 2.550E-01 
7.540E-01 2.554E-01 
7.550E-01 2.557E-01 
7.560E-01 2.561E-01 
7.570E-01 2.565E-01 
7.580E-01 2.568E-01 
7.590E-01 2.572E-01 
7.600E-01 2.575E-01 
7.610E-01 2.579E-01 
7.620E-01 2.583E-01 
7.630E-01 2.586E-01 
7.640E-01 2.590E-01 
7.650E-01 2.594E-01 
7.660E-01 2.597E-01 
7.670E-01 2.601E-01 
7.680E-01 2.605E-01 
7.690E-01 2.608E-01 
7.700E-01 2.612E-01 
7.710E-01 2.616E-01 
7.720E-01 2.619E-01 
7.730E-01 2.623E-01 
7.740E-01 2.627E-01 
7.750E-01 2.630E-01 
7.760E-01 2.634E-01 
7.770E-01 2.637E-01 
7.780E-01 2.641E-01 
7.790E-01 2.645E-01 
7.800E-01 2.648E-01 
7.810E-01 2.652E-01 
7.820E-01 2.656E-01 
7.830E-01 2.659E-01 
7.840E-01 2.663E-01 
7.850E-01 2.666E-01 
7.860E-01 2.670E-01 
7.870E-01 2.674E-01 
7.880E-01 2.677E-01 
7.890E-01 2.681E-01 
7.900E-01 2.685E-01 
7.910E-01 2.688E-01 
7.920E-01 2.692E-01 
7.930E-01 2.695E-01 
7.940E-01 2.699E-01 
7.950E-01 2.703E-01 
7.960E-01 2.706E-01 
7.970E-01 2.710E-01 
7.980E-01 2.714E-01 
7.990E-01 2.717E-01 
8.000E-01 2.721E-01 
8.010E-01 2.724E-01 
8.020E-01 2.728E-01 
8.030E-01 2.732E-01 
8.040E-01 2.735E-01 
8.050E-01 2.739E-01 
8.060E-01 2.742E-01 
8.070E-01 2.746E-01 
8.080E-01 2.750E-01 
8.090E-01 2.753E-01 
8.100E-01 2.757E-01 
8.110E-01 2.760E-01 
8.120E-01 2.764E-01 
8.130E-01 2.768E-01 
8.140E-01 2.771E-01 
8.150E-01 2.775E-01 
8.160E-01 2.778E-01 
8.170E-01 2.782E-01 
8.180E-01 2.786E-01 
8.190E-01 2.789E-01 
8.200E-01 2.793E-01 
8.210E-01 2.796E-01 
8.220E-01 2.800E-01 
8.230E-01 2.804E-01 
8.240E-01 2.807E-01 
8.250E-01 2.811E-01 
8.260E-01 2.814E-01 
8.270E-01 2.818E-01 
8.280E-01 2.822E-01 
8.290E-01 2.825E-01 
8.300E-01 2.829E-01 
8.310E-01 2.832E-01 
8.320E-01 2.836E-01 
8.330E-01 2.840E-01 
8.340E-01 2.843E-01 
8.350E-01 2.847E-01 
8.360E-01 2.850E-01 
8.370E-01 2.854E-01 
8.380E-01 2.857E-01 
8.390E-01 2.861E-01 
8.400E-01 2.865E-01 
8.410E-01 2.868E-01 
8.420E-01 2.872E-01 
8.430E-01 2.875E-01 
8.440E-01 2.879E-01 
8.450E-01 2.882E-01 
8.460E-01 2.886E-01 
8.470E-01 2.890E-01 
8.480E-01 2.893E-01 
8.490E-01 2.897E-01 
8.500E-01 2.900E-01 
8.510E-01 2.904E-01 
8.520E-01 2.907E-01 
8.530E-01 2.911E-01 
8.540E-01 2.915E-01 
8.550E-01 2.918E-01 
8.560E-01 2.922E-01 
8.570E-01 2.925E-01 
8.580E-01 2.929E-01 
8.590E-01 2.932E-01 
8.600E-01 2.936E-01 
8.610E-01 2.939E-01 
8.620E-01 2.943E-01 
8.630E-01 2.947E-01 
8.640E-01 2.950E-01 
8.650E-01 2.954E-01 
8.660E-01 2.957E-01 
8.670E-01 2.961E-01 
8.680E-01 2.964E-01 
8.690E-01 2.968E-01 
8.700E-01 2.971E-01 
8.710E-01 2.975E-01 
8.720E-01 2.978E-01 
8.730E-01 2.982E-01 
8.740E-01 2.986E-01 
8.750E-01 2.989E-01 
8.760E-01 2.993E-01 
8.770E-01 2.996E-01 
8.780E-01 3.000E-01 
8.790E-01 3.003E-01 
8.800E-01 3.007E-01 
8.810E-01 3.010E-01 
8.820E-01 3.014E-01 
8.830E-01 3.017E-01 
8.840E-01 3.021E-01 
8.850E-01 3.024E-01 
8.860E-01 3.028E-01 
8.870E-01 3.031E-01 
8.880E-01 3.035E-01 
8.890E-01 3.039E-01 
8.900E-01 3.042E-01 
8.910E-01 3.046E-01 
8.920E-01 3.049E-01 
8.930E-01 3.053E-01 
8.940E-01 3.056E-01 
8.950E-01 3.060E-01 
8.960E-01 3.063E-01 
8.970E-01 3.067E-01 
8.980E-01 3.070E-01 
8.990E-01 3.074E-01 
9.000E-01 3.077E-01 
9.010E-01 3.081E-01 
9.020E-01 3.084E-01 
9.030E-01 3.088E-01 
9.040E-01 3.091E-01 
9.050E-01 3.095E-01 
9.060E-01 3.098E-01 
9.070E-01 3.102E-01 
9.080E-01 3.105E-01 
9.090E-01 3.109E-01 
9.100E-01 3.112E-01 
9.110E-01 3.116E-01 
9.120E-01 3.119E-01 
9.130E-01 3.123E-01 
9.140E-01 3.126E-01 
9.150E-01 3.130E-01 
9.160E-01 3.133E-01 
9.170E-01 3.137E-01 
9.180E-01 3.140E-01 
9.190E-01 3.144E-01 
9.200E-01 3.147E-01 
9.210E-01 3.151E-01 
9.220E-01 3.154E-01 
9.230E-01 3.158E-01 
9.240E-01 3.161E-01 
9.250E-01 3.165E-01 
9.260E-01 3.168E-01 
9.270E-01 3.172E-01 
9.280E-01 3.175E-01 
9.290E-01 3.179E-01 
9.300E-01 3.182E-01 
9.310E-01 3.186E-01 
9.320E-01 3.189E-01 
9.330E-01 3.193E-01 
9.340E-01 3.196E-01 
9.350E-01 3.200E-01 
9.360E-01 3.203E-01 
9.370E-01 3.207E-01 
9.380E-01 3.210E-01 
9.390E-01 3.214E-01 
9.400E-01 3.217E-01 
9.410E-01 3.221E-01 
9.420E-01 3.224E-01 
9.430E-01 3.227E-01 
9.440E-01 3.231E-01 
9.450E-01 3.234E-01 
9.460E-01 3.238E-01 
9.470E-01 3.241E-01 
9.480E-01 3.245E-01 
9.490E-01 3.248E-01 
9.500E-01 3.252E-01 
9.510E-01 3.255E-01 
9.520E-01 3.259E-01 
9.530E-01 3.262E-01 
9.540E-01 3.266E-01 
9.550E-01 3.269E-01 
9.560E-01 3.273E-01 
9.570E-01 3.276E-01 
9.580E-01 3.279E-01 
9.590E-01 3.283E-01 
9.600E-01 3.286E-01 
9.610E-01 3.290E-01 
9.620E-01 3.293E-01 
9.630E-01 3.297E-01 
9.640E-01 3.300E-01 
9.650E-01 3.304E-01 
9.660E-01 3.307E-01 
9.670E-01 3.311E-01 
9.680E-01 3.314E-01 
9.690E-01 3.317E-01 
9.700E-01 3.321E-01 
9.710E-01 3.324E-01 
9.720E-01 3.328E-01 
9.730E-01 3.331E-01 
9.740E-01 3.335E-01 
9.750E-01 3.338E-01 
9.760E-01 3.342E-01 
9.770E-01 3.345E-01 
9.780E-01 3.348E-01 
9.790E-01 3.352E-01 
9.800E-01 3.355E-01 
9.810E-01 3.359E-01 
9.820E-01 3.362E-01 
9.830E-01 3.366E-01 
9.840E-01 3.369E-01 
9.850E-01 3.372E-01 
9.860E-01 3.376E-01 
9.870E-01 3.379E-01 
9.880E-01 3.383E-01 
9.890E-01 3.386E-01 
9.900E-01 3.390E-01 
9.910E-01 3.393E-01 
9.920E-01 3.396E-01 
9.930E-01 3.400E-01 
9.940E-01 3.403E-01 
9.950E-01 3.407E-01 
9.960E-01 3.410E-01 
9.970E-01 3.414E-01 
9.980E-01 3.417E-01 
9.990E-01 3.420E-01 
1.000E+00 3.424E-01 
1.001E+00 3.427E-01 
1.002E+00 3.431E-01 
1.003E+00 3.434E-01 
1.004E+00 3.437E-01 
1.005E+00 3.441E-01 
1.006E+00 3.444E-01 
1.007E+00 3.448E-01 
1.008E+00 3.451E-01 
1.009E+00 3.455E-01 
1.010E+00 3.458E-01 
1.011E+00 3.461E-01 
1.012E+00 3.465E-01 
1.013E+00 3.468E-01 
1.014E+00 3.472E-01 
1.015E+00 3.475E-01 
1.016E+00 3.478E-01 
1.017E+00 3.482E-01 
1.018E+00 3.485E-01 
1.019E+00 3.489E-01 
1.020E+00 3.492E-01 
1.021E+00 3.495E-01 
1.022E+00 3.499E-01 
1.023E+00 3.502E-01 
1.024E+00 3.506E-01 
1.025E+00 3.509E-01 
1.026E+00 3.512E-01 
1.027E+00 3.516E-01 
1.028E+00 3.519E-01 
1.029E+00 3.522E-01 
1.030E+00 3.526E-01 
1.031E+00 3.529E-01 
1.032E+00 3.533E-01 
1.033E+00 3.536E-01 
1.034E+00 3.539E-01 
1.035E+00 3.543E-01 
1.036E+00 3.546E-01 
1.037E+00 3.550E-01 
1.038E+00 3.553E-01 
1.039E+00 3.556E-01 
1.040E+00 3.560E-01 
1.041E+00 3.563E-01 
1.042E+00 3.566E-01 
1.043E+00 3.570E-01 
1.044E+00 3.573E-01 
1.045E+00 3.577E-01 
1.046E+00 3.580E-01 
1.047E+00 3.583E-01 
1.048E+00 3.587E-01 
1.049E+00 3.590E-01 
1.050E+00 3.593E-01 
1.051E+00 3.597E-01 
1.052E+00 3.600E-01 
1.053E+00 3.604E-01 
1.054E+00 3.607E-01 
1.055E+00 3.610E-01 
1.056E+00 3.614E-01 
1.057E+00 3.617E-01 
1.058E+00 3.620E-01 
1.059E+00 3.624E-01 
1.060E+00 3.627E-01 
1.061E+00 3.630E-01 
1.062E+00 3.634E-01 
1.063E+00 3.637E-01 
1.064E+00 3.640E-01 
1.065E+00 3.644E-01 
1.066E+00 3.647E-01 
1.067E+00 3.651E-01 
1.068E+00 3.654E-01 
1.069E+00 3.657E-01 
1.070E+00 3.661E-01 
1.071E+00 3.664E-01 
1.072E+00 3.667E-01 
1.073E+00 3.671E-01 
1.074E+00 3.674E-01 
1.075E+00 3.677E-01 
1.076E+00 3.681E-01 
1.077E+00 3.684E-01 
1.078E+00 3.687E-01 
1.079E+00 3.691E-01 
1.080E+00 3.694E-01 
1.081E+00 3.697E-01 
1.082E+00 3.701E-01 
1.083E+00 3.704E-01 
1.084E+00 3.707E-01 
1.085E+00 3.711E-01 
1.086E+00 3.714E-01 
1.087E+00 3.717E-01 
1.088E+00 3.721E-01 
1.089E+00 3.724E-01 
1.090E+00 3.727E-01 
1.091E+00 3.731E-01 
1.092E+00 3.734E-01 
1.093E+00 3.737E-01 
1.094E+00 3.741E-01 
1.095E+00 3.744E-01 
1.096E+00 3.747E-01 
1.097E+00 3.751E-01 
1.098E+00 3.754E-01 
1.099E+00 3.757E-01 
1.100E+00 3.761E-01 
1.101E+00 3.764E-01 
1.102E+00 3.767E-01 
1.103E+00 3.771E-01 
1.104E+00 3.774E-01 
1.105E+00 3.777E-01 
1.106E+00 3.781E-01 
1.107E+00 3.784E-01 
1.108E+00 3.787E-01 
1.109E+00 3.790E-01 
1.110E+00 3.794E-01 
1.111E+00 3.797E-01 
1.112E+00 3.800E-01 
1.113E+00 3.804E-01 
1.114E+00 3.807E-01 
1.115E+00 3.810E-01 
1.116E+00 3.814E-01 
1.117E+00 3.817E-01 
1.118E+00 3.820E-01 
1.119E+00 3.824E-01 
1.120E+00 3.827E-01 
1.121E+00 3.830E-01 
1.122E+00 3.833E-01 
1.123E+00 3.837E-01 
1.124E+00 3.840E-01 
1.125E+00 3.843E-01 
1.126E+00 3.847E-01 
1.127E+00 3.850E-01 
1.128E+00 3.853E-01 
1.129E+00 3.857E-01 
1.130E+00 3.860E-01 
1.131E+00 3.863E-01 
1.132E+00 3.866E-01 
1.133E+00 3.870E-01 
1.134E+00 3.873E-01 
1.135E+00 3.876E-01 
1.136E+00 3.880E-01 
1.137E+00 3.883E-01 
1.138E+00 3.886E-01 
1.139E+00 3.889E-01 
1.140E+00 3.893E-01 
1.141E+00 3.896E-01 
1.142E+00 3.899E-01 
1.143E+00 3.903E-01 
1.144E+00 3.906E-01 
1.145E+00 3.909E-01 
1.146E+00 3.912E-01 
1.147E+00 3.916E-01 
1.148E+00 3.919E-01 
1.149E+00 3.922E-01 
1.150E+00 3.925E-01 
1.151E+00 3.929E-01 
1.152E+00 3.932E-01 
1.153E+00 3.935E-01 
1.154E+00 3.939E-01 
1.155E+00 3.942E-01 
1.156E+00 3.945E-01 
1.157E+00 3.948E-01 
1.158E+00 3.952E-01 
1.159E+00 3.955E-01 
1.160E+00 3.958E-01 
1.161E+00 3.961E-01 
1.162E+00 3.965E-01 
1.163E+00 3.968E-01 
1.164E+00 3.971E-01 
1.165E+00 3.975E-01 
1.166E+00 3.978E-01 
1.167E+00 3.981E-01 
1.168E+00 3.984E-01 
1.169E+00 3.988E-01 
1.170E+00 3.991E-01 
1.171E+00 3.994E-01 
1.172E+00 3.997E-01 
1.173E+00 4.001E-01 
1.174E+00 4.004E-01 
1.175E+00 4.007E-01 
1.176E+00 4.010E-01 
1.177E+00 4.014E-01 
1.178E+00 4.017E-01 
1.179E+00 4.020E-01 
1.180E+00 4.023E-01 
1.181E+00 4.027E-01 
1.182E+00 4.030E-01 
1.183E+00 4.033E-01 
1.184E+00 4.036E-01 
1.185E+00 4.040E-01 
1.186E+00 4.043E-01 
1.187E+00 4.046E-01 
1.188E+00 4.049E-01 
1.189E+00 4.053E-01 
1.190E+00 4.056E-01 
1.191E+00 4.059E-01 
1.192E+00 4.062E-01 
1.193E+00 4.065E-01 
1.194E+00 4.069E-01 
1.195E+00 4.072E-01 
1.196E+00 4.075E-01 
1.197E+00 4.078E-01 
1.198E+00 4.082E-01 
1.199E+00 4.085E-01 
1.200E+00 4.088E-01 
1.201E+00 4.091E-01 
1.202E+00 4.095E-01 
1.203E+00 4.098E-01 
1.204E+00 4.101E-01 
1.205E+00 4.104E-01 
1.206E+00 4.107E-01 
1.207E+00 4.111E-01 
1.208E+00 4.114E-01 
1.209E+00 4.117E-01 
1.210E+00 4.120E-01 
1.211E+00 4.124E-01 
1.212E+00 4.127E-01 
1.213E+00 4.130E-01 
1.214E+00 4.133E-01 
1.215E+00 4.136E-01 
1.216E+00 4.140E-01 
1.217E+00 4.143E-01 
1.218E+00 4.146E-01 
1.219E+00 4.149E-01 
1.220E+00 4.153E-01 
1.221E+00 4.156E-01 
1.222E+00 4.159E-01 
1.223E+00 4.162E-01 
1.224E+00 4.165E-01 
1.225E+00 4.169E-01 
1.226E+00 4.172E-01 
1.227E+00 4.175E-01 
1.228E+00 4.178E-01 
1.229E+00 4.181E-01 
1.230E+00 4.185E-01 
1.231E+00 4.188E-01 
1.232E+00 4.191E-01 
1.233E+00 4.194E-01 
1.234E+00 4.197E-01 
1.235E+00 4.201E-01 
1.236E+00 4.204E-01 
1.237E+00 4.207E-01 
1.238E+00 4.210E-01 
1.239E+00 4.213E-01 
1.240E+00 4.217E-01 
1.241E+00 4.220E-01 
1.242E+00 4.223E-01 
1.243E+00 4.226E-01 
1.244E+00 4.229E-01 
1.245E+00 4.233E-01 
1.246E+00 4.236E-01 
1.247E+00 4.239E-01 
1.248E+00 4.242E-01 
1.249E+00 4.245E-01 
1.250E+00 4.248E-01 
1.251E+00 4.252E-01 
1.252E+00 4.255E-01 
1.253E+00 4.258E-01 
1.254E+00 4.261E-01 
1.255E+00 4.264E-01 
1.256E+00 4.268E-01 
1.257E+00 4.271E-01 
1.258E+00 4.274E-01 
1.259E+00 4.277E-01 
1.260E+00 4.280E-01 
1.261E+00 4.283E-01 
1.262E+00 4.287E-01 
1.263E+00 4.290E-01 
1.264E+00 4.293E-01 
1.265E+00 4.296E-01 
1.266E+00 4.299E-01 
1.267E+00 4.303E-01 
1.268E+00 4.306E-01 
1.269E+00 4.309E-01 
1.270E+00 4.312E-01 
1.271E+00 4.315E-01 
1.272E+00 4.318E-01 
1.273E+00 4.322E-01 
1.274E+00 4.325E-01 
1.275E+00 4.328E-01 
1.276E+00 4.331E-01 
1.277E+00 4.334E-01 
1.278E+00 4.337E-01 
1.279E+00 4.341E-01 
1.280E+00 4.344E-01 
1.281E+00 4.347E-01 
1.282E+00 4.350E-01 
1.283E+00 4.353E-01 
1.284E+00 4.356E-01 
1.285E+00 4.359E-01 
1.286E+00 4.363E-01 
1.287E+00 4.366E-01 
1.288E+00 4.369E-01 
1.289E+00 4.372E-01 
1.290E+00 4.375E-01 
1.291E+00 4.378E-01 
1.292E+00 4.382E-01 
1.293E+00 4.385E-01 
1.294E+00 4.388E-01 
1.295E+00 4.391E-01 
1.296E+00 4.394E-01 
1.297E+00 4.397E-01 
1.298E+00 4.400E-01 
1.299E+00 4.404E-01 
1.300E+00 4.407E-01 
1.301E+00 4.410E-01 
1.302E+00 4.413E-01 
1.303E+00 4.416E-01 
1.304E+00 4.419E-01 
1.305E+00 4.422E-01 
1.306E+00 4.426E-01 
1.307E+00 4.429E-01 
1.308E+00 4.432E-01 
1.309E+00 4.435E-01 
1.310E+00 4.438E-01 
1.311E+00 4.441E-01 
1.312E+00 4.444E-01 
1.313E+00 4.448E-01 
1.314E+00 4.451E-01 
1.315E+00 4.454E-01 
1.316E+00 4.457E-01 
1.317E+00 4.460E-01 
1.318E+00 4.463E-01 
1.319E+00 4.466E-01 
1.320E+00 4.469E-01 
1.321E+00 4.473E-01 
1.322E+00 4.476E-01 
1.323E+00 4.479E-01 
1.324E+00 4.482E-01 
1.325E+00 4.485E-01 
1.326E+00 4.488E-01 
1.327E+00 4.491E-01 
1.328E+00 4.494E-01 
1.329E+00 4.498E-01 
1.330E+00 4.501E-01 
1.331E+00 4.504E-01 
1.332E+00 4.507E-01 
1.333E+00 4.510E-01 
1.334E+00 4.513E-01 
1.335E+00 4.516E-01 
1.336E+00 4.519E-01 
1.337E+00 4.523E-01 
1.338E+00 4.526E-01 
1.339E+00 4.529E-01 
1.340E+00 4.532E-01 
1.341E+00 4.535E-01 
1.342E+00 4.538E-01 
1.343E+00 4.541E-01 
1.344E+00 4.544E-01 
1.345E+00 4.547E-01 
1.346E+00 4.551E-01 
1.347E+00 4.554E-01 
1.348E+00 4.557E-01 
1.349E+00 4.560E-01 
1.350E+00 4.563E-01 
1.351E+00 4.566E-01 
1.352E+00 4.569E-01 
1.353E+00 4.572E-01 
1.354E+00 4.575E-01 
1.355E+00 4.578E-01 
1.356E+00 4.582E-01 
1.357E+00 4.585E-01 
1.358E+00 4.588E-01 
1.359E+00 4.591E-01 
1.360E+00 4.594E-01 
1.361E+00 4.597E-01 
1.362E+00 4.600E-01 
1.363E+00 4.603E-01 
1.364E+00 4.606E-01 
1.365E+00 4.609E-01 
1.366E+00 4.612E-01 
1.367E+00 4.616E-01 
1.368E+00 4.619E-01 
1.369E+00 4.622E-01 
1.370E+00 4.625E-01 
1.371E+00 4.628E-01 
1.372E+00 4.631E-01 
1.373E+00 4.634E-01 
1.374E+00 4.637E-01 
1.375E+00 4.640E-01 
1.376E+00 4.643E-01 
1.377E+00 4.646E-01 
1.378E+00 4.650E-01 
1.379E+00 4.653E-01 
1.380E+00 4.656E-01 
1.381E+00 4.659E-01 
1.382E+00 4.662E-01 
1.383E+00 4.665E-01 
1.384E+00 4.668E-01 
1.385E+00 4.671E-01 
1.386E+00 4.674E-01 
1.387E+00 4.677E-01 
1.388E+00 4.680E-01 
1.389E+00 4.683E-01 
1.390E+00 4.686E-01 
1.391E+00 4.690E-01 
1.392E+00 4.693E-01 
1.393E+00 4.696E-01 
1.394E+00 4.699E-01 
1.395E+00 4.702E-01 
1.396E+00 4.705E-01 
1.397E+00 4.708E-01 
1.398E+00 4.711E-01 
1.399E+00 4.714E-01 
1.400E+00 4.717E-01 
1.401E+00 4.720E-01 
1.402E+00 4.723E-01 
1.403E+00 4.726E-01 
1.404E+00 4.729E-01 
1.405E+00 4.732E-01 
1.406E+00 4.735E-01 
1.407E+00 4.739E-01 
1.408E+00 4.742E-01 
1.409E+00 4.745E-01 
1.410E+00 4.748E-01 
1.411E+00 4.751E-01 
1.412E+00 4.754E-01 
1.413E+00 4.757E-01 
1.414E+00 4.760E-01 
1.415E+00 4.763E-01 
1.416E+00 4.766E-01 
1.417E+00 4.769E-01 
1.418E+00 4.772E-01 
1.419E+00 4.775E-01 
1.420E+00 4.778E-01 
1.421E+00 4.781E-01 
1.422E+00 4.784E-01 
1.423E+00 4.787E-01 
1.424E+00 4.790E-01 
1.425E+00 4.794E-01 
1.426E+00 4.797E-01 
1.427E+00 4.800E-01 
1.428E+00 4.803E-01 
1.429E+00 4.806E-01 
1.430E+00 4.809E-01 
1.431E+00 4.812E-01 
1.432E+00 4.815E-01 
1.433E+00 4.818E-01 
1.434E+00 4.821E-01 
1.435E+00 4.824E-01 
1.436E+00 4.827E-01 
1.437E+00 4.830E-01 
1.438E+00 4.833E-01 
1.439E+00 4.836E-01 
1.440E+00 4.839E-01 
1.441E+00 4.842E-01 
1.442E+00 4.845E-01 
1.443E+00 4.848E-01 
1.444E+00 4.851E-01 
1.445E+00 4.854E-01 
1.446E+00 4.857E-01 
1.447E+00 4.860E-01 
1.448E+00 4.863E-01 
1.449E+00 4.866E-01 
1.450E+00 4.869E-01 
1.451E+00 4.872E-01 
1.452E+00 4.875E-01 
1.453E+00 4.878E-01 
1.454E+00 4.882E-01 
1.455E+00 4.885E-01 
1.456E+00 4.888E-01 
1.457E+00 4.891E-01 
1.458E+00 4.894E-01 
1.459E+00 4.897E-01 
1.460E+00 4.900E-01 
1.461E+00 4.903E-01 
1.462E+00 4.906E-01 
1.463E+00 4.909E-01 
1.464E+00 4.912E-01 
1.465E+00 4.915E-01 
1.466E+00 4.918E-01 
1.467E+00 4.921E-01 
1.468E+00 4.924E-01 
1.469E+00 4.927E-01 
1.470E+00 4.930E-01 
1.471E+00 4.933E-01 
1.472E+00 4.936E-01 
1.473E+00 4.939E-01 
1.474E+00 4.942E-01 
1.475E+00 4.945E-01 
1.476E+00 4.948E-01 
1.477E+00 4.951E-01 
1.478E+00 4.954E-01 
1.479E+00 4.957E-01 
1.480E+00 4.960E-01 
1.481E+00 4.963E-01 
1.482E+00 4.966E-01 
1.483E+00 4.969E-01 
1.484E+00 4.972E-01 
1.485E+00 4.975E-01 
1.486E+00 4.978E-01 
1.487E+00 4.981E-01 
1.488E+00 4.984E-01 
1.489E+00 4.987E-01 
1.490E+00 4.990E-01 
1.491E+00 4.993E-01 
1.492E+00 4.996E-01 
1.493E+00 4.999E-01 
1.494E+00 5.002E-01 
1.495E+00 5.005E-01 
1.496E+00 5.008E-01 
1.497E+00 5.011E-01 
1.498E+00 5.014E-01 
1.499E+00 5.017E-01 
1.500E+00 5.020E-01 
